0.002 0.602794
0.004 0.633506
0.006 0.604244
0.008 0.533526
0.01 0.450678
0.012 0.386798
0.014 0.365327
0.016 0.395227
0.018 0.468824
0.02 0.564744
0.022 0.654725
0.024 0.711903
0.026 0.717956
0.028 0.667068
0.03 0.565951
0.032 0.430434
0.034 0.28016
0.036 0.133254
0.038 0.00252919
0.04 -0.105952
0.042 -0.192065
0.044 -0.259321
0.046 -0.312197
0.048 -0.354071
0.05 -0.386325
0.052 -0.408657
0.054 -0.420189
0.056 -0.420766
0.058 -0.411849
0.06 -0.39669
0.062 -0.379744
0.064 -0.365588
0.066 -0.357733
0.068 -0.35773
0.07 -0.364837
0.072 -0.37631
0.074 -0.388198
0.076 -0.396394
0.078 -0.397631
0.08 -0.39018
0.082 -0.37409
0.084 -0.350977
0.086 -0.323437
0.088 -0.294308
0.09 -0.265961
0.092 -0.239814
0.094 -0.216145
0.096 -0.194235
0.098 -0.172743
0.1 -0.150205
0.102 -0.125508
0.104 -0.0982348
0.106 -0.0687991
0.108 -0.0383601
0.11 -0.00855056
0.112 0.0189075
0.114 0.0426019
0.116 0.0617471
0.118 0.0763433
0.12 0.0871438
0.122 0.0954457
0.124 0.102762
0.126 0.110468
0.128 0.119501
0.13 0.130194
0.132 0.142253
0.134 0.15488
0.136 0.166987
0.138 0.177444
0.14 0.18532
0.142 0.19006
0.144 0.191592
0.146 0.190332
0.148 0.187092
0.15 0.182906
0.152 0.178782
0.154 0.175444
0.156 0.17313
0.158 0.171498
0.16 0.169708
0.162 0.16666
0.164 0.161335
0.166 0.153148
0.168 0.142171
0.17 0.129154
0.172 0.115308
0.174 0.101909
0.176 0.0898691
0.178 0.079405
0.18 0.0699682
0.182 0.0604511
0.184 0.0496215
0.186 0.0366292
0.188 0.0213964
0.19 0.00474035
0.192 -0.0118301
0.194 -0.0265825
0.196 -0.0381329
0.198 -0.0459199
0.2 -0.0504107
0.202 -0.052965
0.204 -0.055402
0.206 -0.0594192
0.208 -0.0660597
0.21 -0.075406
0.212 -0.0865899
0.214 -0.0981053
0.216 -0.108301
0.218 -0.115889
0.22 -0.120289
0.222 -0.121736
0.224 -0.121107
0.226 -0.119587
0.228 -0.118276
0.23 -0.117886
0.232 -0.118618
0.234 -0.120208
0.236 -0.122113
0.238 -0.12372
0.24 -0.12451
0.242 -0.124124
0.244 -0.122338
0.246 -0.119017
0.248 -0.114091
0.25 -0.107602
0.252 -0.0997967
0.254 -0.0912037
0.256 -0.0826209
0.258 -0.0749622
0.26 -0.0689822
0.262 -0.0649651
0.264 -0.0625064
0.266 -0.0605025
0.268 -0.0573962
0.27 -0.051624
0.272 -0.0421197
0.274 -0.0286927
0.276 -0.0121296
0.278 0.0060299
0.28 0.0239704
0.282 0.0401561
0.284 0.0537597
0.286 0.0648096
0.288 0.0740128
0.29 0.0823408
0.292 0.0905591
0.294 0.0988976
0.296 0.106993
0.298 0.11412
0.3 0.119593
0.302 0.123161
0.304 0.125201
0.306 0.126623
0.308 0.128506
0.31 0.13162
0.312 0.136047
0.314 0.141083
0.316 0.145479
0.318 0.147965
0.32 0.147831
0.322 0.145331
0.324 0.141705
0.326 0.138769
0.328 0.138193
0.33 0.140746
0.332 0.145798
0.334 0.151319
0.336 0.154424
0.338 0.152286
0.34 0.143101
0.342 0.126749
0.344 0.104883
0.346 0.0804267
0.348 0.0566756
0.35 0.0363571
0.352 0.0209926
0.354 0.0107582
0.356 0.0048071
0.358 0.00183
0.36 0.000575347
0.362 0.000142948
0.364 2.62229e-05
0.366 3.14637e-06
0.368 1.84598e-07
